R_i = [60, 61, 61, 63, 64, 65, 66, 67, 68, 69, 70, 71, 72, 73, 74, 75, 76, 77, 78, 79, 80];
R_0 = [90, 91, 92, 93, 94, 95, 96, 97, 98, 99, 100, 101, 102, 103, 104, 105, 106, 107, 108, 109, 110];
A = [1, 1.5, 2, 2.5, 3];
F = [600, 610, 620, 630, 640, 650, 660, 670, 680, 690, 700, 710, 720, 730, 740, 750, 760, 770, 780, 790, 800, 810, 820, 830, 840, 850, 860, 870, 880, 890, 900, 910, 920, 930, 940, 950, 960, 970, 980, 990, 1000];
Z = [2, 3, 4, 5, 6, 7, 8, 9, 10];
R_i_min = 55;
R_0_max = 110;
delta_R = 20;
A_min = 1.5;
A_max = 3.0;
delta = 0.5;
L_max = 30;
mikro_u = 0.5;
ro = 0.0000078;
p_dop = 1;
Z_max = 10;
V_smax = 10;
k = 1.5;
F_max = 1000;
t_max = 15;
n = 250;
M_s = 40;
M_d = 3;
I_s = 55;

